0 46 -1
0 59 -1
1 11 43
1 43 -7
2 79 -3
2 62 38
3 51 -2
3 67 1
4 53 17
4 34 42
5 77 44
5 9 31
6 51 28
6 10 50
7 42 23
7 79 -1
8 21 10
8 35 -5
9 44 32
9 9 29
10 6 26
10 43 7
11 2 -9
11 50 31
12 21 22
12 27 21
13 0 23
13 46 46
14 76 11
14 18 20
15 31 3
15 67 43
16 6 -4
16 80 19
17 25 18
17 39 4
18 78 40
18 17 4
19 47 37
19 67 24
20 64 19
20 51 25
21 28 6
21 10 25
22 56 -10
22 48 4
23 3 49
23 7 26
24 1 35
24 58 43
25 27 0
25 29 47
26 8 14
26 39 35
27 0 -3
27 59 21
28 56 14
28 0 29
29 13 27
29 74 12
30 55 11
30 26 47
31 76 34
31 20 15
32 72 28
32 54 33
33 45 16
33 43 39
34 17 42
34 59 -7
35 59 46
35 17 26
36 34 33
36 69 -7
37 44 19
37 51 -8
38 39 -6
38 28 1
39 46 22
39 63 11
40 77 48
40 55 49
41 6 35
41 45 6
42 67 14
42 41 27
43 13 46
43 15 30
44 11 19
44 30 -8
45 17 2
45 8 43
46 13 -5
46 25 1
47 36 36
47 31 39
48 76 27
48 25 0
49 71 26
49 41 -8
50 46 39
50 37 10
51 10 44
51 41 16
52 7 35
52 11 15
53 7 27
53 15 8
54 24 16
54 30 12
55 80 -6
55 44 48
56 33 50
56 27 -4
57 27 26
57 15 28
58 20 42
58 2 0
59 40 47
59 68 3
60 50 0
60 6 35
61 51 49
61 28 20
62 13 25
62 70 27
63 54 -6
63 38 11
64 71 33
64 46 32
65 69 30
65 25 35
66 49 6
66 71 10
67 5 27
67 72 50
68 9 3
68 63 25
69 67 38
69 5 28
70 3 48
70 27 -8
71 60 44
71 80 -2
72 66 46
72 2 48
73 25 0
73 13 0
74 70 31
74 35 35
75 14 -6
75 17 -7
76 56 20
76 18 25
77 26 34
77 74 34
78 33 21
78 22 39
79 21 3
79 79 -8
80 66 39
80 11 36
