0 59 20
0 92 -2
1 132 -10
1 66 3
2 214 3
2 147 44
3 202 34
3 38 -1
4 68 -10
4 144 22
5 86 14
5 81 20
6 118 45
6 56 -10
7 225 41
7 62 29
8 68 -5
8 88 47
9 35 2
9 108 48
10 184 37
10 163 25
11 79 11
11 178 4
12 85 9
12 160 29
13 198 -9
13 201 20
14 79 48
14 194 32
15 106 -7
15 215 2
16 102 -1
16 131 5
17 84 10
17 14 39
18 187 -5
18 105 31
19 71 0
19 41 42
20 54 33
20 20 2
21 69 32
21 17 33
22 170 4
22 79 23
23 95 37
23 143 18
24 47 46
24 205 11
25 142 50
25 158 15
26 89 24
26 223 28
27 238 -8
27 186 4
28 158 -7
28 59 21
29 120 0
29 3 18
30 158 30
30 17 34
31 70 37
31 14 15
32 240 48
32 184 -10
33 131 47
33 161 -4
34 232 25
34 72 7
35 98 6
35 34 16
36 92 -10
36 47 -2
37 39 3
37 196 27
38 3 28
38 14 10
39 0 25
39 61 0
40 182 23
40 72 23
41 215 32
41 47 -9
42 2 14
42 189 48
43 183 43
43 49 -7
44 121 11
44 2 -4
45 82 39
45 163 19
46 103 -4
46 29 47
47 140 25
47 215 7
48 27 10
48 150 29
49 213 21
49 139 13
50 122 -9
50 7 29
51 113 36
51 30 40
52 88 46
52 86 33
53 166 31
53 126 4
54 119 -7
54 0 22
55 115 10
55 97 39
56 17 30
56 12 35
57 72 0
57 41 19
58 127 -2
58 6 24
59 145 13
59 125 45
60 70 8
60 108 11
61 9 16
61 221 37
62 2 -7
62 225 36
63 171 39
63 216 12
64 34 30
64 204 34
65 111 35
65 234 28
66 91 19
66 88 44
67 205 36
67 94 -9
68 18 15
68 99 29
69 188 39
69 215 40
70 106 24
70 159 38
71 2 -7
71 87 50
72 113 33
72 13 23
73 228 50
73 155 11
74 180 17
74 4 14
75 148 -6
75 110 5
76 237 42
76 63 11
77 223 11
77 177 25
78 104 39
78 56 10
79 225 24
79 78 27
80 62 -4
80 190 36
81 31 12
81 59 28
82 215 13
82 46 -10
83 210 21
83 221 50
84 58 3
84 13 -5
85 13 22
85 60 22
86 218 -3
86 223 4
87 129 5
87 167 50
88 86 -9
88 109 18
89 152 45
89 21 4
90 101 2
90 180 39
91 158 24
91 143 1
92 70 -2
92 190 14
93 39 49
93 135 -4
94 58 40
94 151 39
95 110 4
95 6 17
96 124 23
96 183 31
97 218 -4
97 28 37
98 206 2
98 16 -5
99 236 12
99 209 25
100 8 24
100 82 6
101 99 49
101 176 30
102 26 34
102 215 46
103 29 8
103 202 4
104 29 10
104 57 10
105 217 41
105 130 37
106 228 33
106 107 40
107 240 -1
107 155 31
108 165 17
108 102 8
109 213 12
109 226 4
110 167 20
110 67 -6
111 48 23
111 219 30
112 216 5
112 195 11
113 53 -3
113 241 1
114 163 -7
114 65 -10
115 114 19
115 37 -10
116 215 31
116 105 12
117 44 9
117 51 -1
118 222 39
118 99 28
119 192 27
119 218 8
120 222 9
120 48 -9
121 188 41
121 184 10
122 152 8
122 139 -1
123 161 -8
123 237 37
124 185 19
124 189 37
125 122 39
125 67 31
126 229 2
126 177 -8
127 177 28
127 37 34
128 15 -10
128 123 16
129 132 -7
129 181 38
130 183 -4
130 177 2
131 124 -1
131 106 44
132 140 0
132 166 19
133 163 30
133 234 28
134 157 22
134 199 33
135 78 50
135 117 -2
136 13 7
136 101 43
137 175 12
137 56 36
138 53 30
138 88 30
139 96 50
139 179 18
140 181 7
140 191 -2
141 94 0
141 122 40
142 108 17
142 148 44
143 6 -6
143 150 19
144 133 28
144 100 34
145 227 -5
145 52 23
146 82 20
146 84 26
147 26 40
147 107 28
148 59 -5
148 1 -4
149 237 25
149 31 50
150 136 20
150 160 21
151 137 46
151 162 48
152 189 16
152 141 26
153 110 3
153 145 8
154 203 13
154 63 1
155 186 -8
155 129 12
156 225 31
156 90 14
157 124 15
157 192 11
158 171 7
158 95 24
159 47 45
159 140 38
160 146 6
160 167 45
161 167 24
161 141 2
162 169 1
162 114 4
163 66 6
163 227 12
164 1 -3
164 72 5
165 66 3
165 77 22
166 1 22
166 172 33
167 121 28
167 42 40
168 108 47
168 216 13
169 83 50
169 96 21
170 188 -9
170 235 15
171 81 15
171 107 7
172 229 26
172 77 -4
173 136 1
173 159 11
174 19 35
174 121 3
175 93 26
175 100 8
176 242 42
176 104 -6
177 235 9
177 28 -6
178 103 13
178 61 31
179 175 9
179 136 14
180 217 21
180 84 38
181 59 0
181 119 21
182 202 1
182 89 9
183 96 42
183 59 11
184 132 14
184 48 27
185 56 -7
185 239 -4
186 32 1
186 213 10
187 95 36
187 239 18
188 189 6
188 50 -7
189 130 13
189 197 12
190 102 11
190 12 16
191 167 15
191 163 49
192 104 4
192 115 24
193 223 7
193 124 40
194 103 20
194 90 50
195 70 46
195 137 25
196 37 35
196 135 29
197 49 3
197 192 36
198 67 39
198 219 40
199 145 -10
199 47 -7
200 44 16
200 215 25
201 208 11
201 150 2
202 126 27
202 71 -2
203 196 32
203 83 34
204 23 12
204 93 26
205 242 19
205 94 2
206 116 25
206 57 22
207 81 41
207 73 41
208 136 7
208 197 -10
209 141 42
209 39 21
210 36 17
210 91 -8
211 188 15
211 94 25
212 84 1
212 155 15
213 100 25
213 84 -9
214 190 30
214 105 36
215 115 3
215 201 38
216 158 -5
216 222 -1
217 195 -9
217 129 19
218 241 14
218 92 26
219 21 8
219 90 27
220 65 14
220 58 3
221 122 28
221 74 2
222 153 41
222 146 39
223 227 28
223 146 25
224 195 15
224 3 36
225 13 18
225 7 46
226 44 35
226 132 30
227 42 36
227 105 23
228 160 9
228 208 2
229 240 -7
229 222 7
230 153 17
230 45 47
231 229 35
231 214 42
232 8 8
232 200 29
233 42 43
233 210 28
234 241 -1
234 87 31
235 15 28
235 17 -1
236 226 -7
236 85 46
237 21 41
237 1 50
238 189 10
238 3 13
239 238 20
239 162 8
240 62 43
240 203 25
241 18 23
241 125 13
242 205 24
242 169 30
