0 51 50
0 137 14
0 83 30
1 157 24
1 39 5
1 219 40
2 205 49
2 59 32
2 107 34
3 19 -3
3 56 47
3 162 7
4 130 50
4 18 40
4 133 13
5 16 3
5 87 32
5 66 0
6 102 5
6 212 -6
6 21 22
7 225 24
7 178 -4
7 215 47
8 112 15
8 219 11
8 237 -6
9 110 46
9 135 29
9 28 18
10 135 -4
10 16 14
10 133 11
11 21 3
11 240 11
11 4 -1
12 114 3
12 180 17
12 141 -8
13 27 4
13 79 23
13 178 41
14 12 7
14 67 35
14 44 23
15 221 48
15 10 47
15 94 21
16 11 49
16 71 47
16 41 -6
17 205 6
17 109 43
17 52 0
18 195 14
18 106 24
18 10 12
19 46 -8
19 71 39
19 109 13
20 205 7
20 222 -1
20 198 31
21 107 25
21 242 22
21 149 36
22 238 50
22 103 25
22 201 25
23 61 31
23 93 19
23 89 6
24 91 -3
24 116 -8
24 161 45
25 146 34
25 215 39
25 50 -8
26 116 -3
26 66 -1
26 175 11
27 189 20
27 165 26
27 63 -6
28 75 41
28 82 2
28 162 -7
29 207 5
29 242 39
29 42 -2
30 241 36
30 154 50
30 6 39
31 75 -2
31 53 34
31 107 28
32 226 3
32 91 16
32 215 2
33 77 -7
33 149 10
33 86 15
34 87 36
34 191 26
34 1 -10
35 183 12
35 113 31
35 147 14
36 234 18
36 111 17
36 168 41
37 143 7
37 206 5
37 169 49
38 15 7
38 97 24
38 167 -6
39 169 32
39 207 29
39 40 17
40 104 22
40 111 17
40 208 29
41 35 24
41 195 -1
41 165 5
42 46 24
42 134 4
42 178 -10
43 89 23
43 71 2
43 215 27
44 63 43
44 224 48
44 181 -6
45 222 27
45 110 24
45 98 28
46 63 -7
46 23 14
46 28 27
47 223 32
47 9 2
47 160 34
48 199 20
48 154 40
48 127 -3
49 135 -10
49 73 37
49 88 27
50 73 16
50 167 21
50 94 11
51 194 5
51 26 11
51 43 29
52 33 12
52 242 2
52 8 8
53 100 38
53 169 22
53 8 -6
54 111 13
54 113 23
54 29 37
55 24 4
55 61 -9
55 211 -9
56 100 -10
56 41 41
56 147 -9
57 46 47
57 70 50
57 54 -1
58 92 14
58 25 27
58 155 8
59 118 12
59 28 -10
59 81 42
60 148 17
60 41 44
60 25 2
61 224 36
61 133 26
61 64 26
62 175 31
62 63 49
62 191 10
63 43 48
63 33 43
63 12 5
64 75 25
64 18 -6
64 147 39
65 25 43
65 111 41
65 160 2
66 123 32
66 68 6
66 211 27
67 164 47
67 178 19
67 16 -9
68 36 -4
68 102 25
68 241 24
69 127 0
69 114 22
69 111 35
70 114 1
70 184 28
70 8 15
71 168 -2
71 48 41
71 80 18
72 60 11
72 95 39
72 163 13
73 122 32
73 106 41
73 204 20
74 209 0
74 112 23
74 104 46
75 212 -4
75 165 48
75 71 3
76 124 25
76 239 23
76 167 40
77 189 47
77 12 19
77 158 -7
78 88 29
78 132 13
78 169 47
79 116 25
79 48 -10
79 67 41
80 131 31
80 105 43
80 97 4
81 69 11
81 159 49
81 105 40
82 156 13
82 17 34
82 228 0
83 222 3
83 170 44
83 145 18
84 79 26
84 6 11
84 174 26
85 80 37
85 241 -7
85 70 6
86 173 1
86 59 -7
86 67 38
87 65 -4
87 218 4
87 166 30
88 187 3
88 13 -9
88 127 6
89 147 49
89 47 23
89 204 22
90 161 25
90 154 19
90 228 -9
91 125 47
91 120 14
91 117 14
92 41 47
92 39 17
92 21 11
93 90 27
93 220 -6
93 194 33
94 196 -2
94 181 4
94 121 -8
95 158 43
95 119 -3
95 134 8
96 229 1
96 132 15
96 200 6
97 164 41
97 189 10
97 128 15
98 213 16
98 47 9
98 13 31
99 165 43
99 209 35
99 146 21
100 116 46
100 61 20
100 65 39
101 210 7
101 146 -6
101 28 29
102 41 23
102 216 25
102 201 38
103 4 28
103 12 -8
103 54 36
104 227 -10
104 170 23
104 128 38
105 215 28
105 69 20
105 107 42
106 99 47
106 234 12
106 43 43
107 41 13
107 82 21
107 186 13
108 229 -10
108 211 23
108 176 50
109 201 39
109 48 -10
109 223 40
110 137 16
110 48 27
110 98 28
111 147 6
111 164 30
111 135 28
112 158 31
112 227 -8
112 61 -9
113 215 23
113 230 17
113 223 -3
114 11 17
114 193 19
114 2 8
115 106 11
115 60 39
115 217 32
116 1 17
116 226 -9
116 194 30
117 242 33
117 52 32
117 219 25
118 202 -1
118 95 39
118 2 6
119 45 -4
119 191 46
119 8 4
120 169 49
120 204 50
120 203 24
121 194 4
121 234 32
121 239 2
122 53 48
122 165 35
122 27 30
123 88 16
123 25 20
123 112 20
124 15 3
124 40 22
124 88 3
125 92 16
125 97 12
125 50 -9
126 166 -1
126 196 -9
126 178 24
127 213 4
127 58 -1
127 206 4
128 211 9
128 7 32
128 234 48
129 198 26
129 212 40
129 83 15
130 222 46
130 185 8
130 99 7
131 134 7
131 236 29
131 50 9
132 215 25
132 30 38
132 90 22
133 229 26
133 223 36
133 230 32
134 48 23
134 91 49
134 116 19
135 9 21
135 220 6
135 108 35
136 122 -1
136 33 -9
136 135 14
137 93 -8
137 103 45
137 8 34
138 52 46
138 187 11
138 231 32
139 183 19
139 116 13
139 166 31
140 141 42
140 199 9
140 240 -9
141 64 35
141 176 -2
141 106 -8
142 181 -3
142 112 23
142 14 48
143 105 22
143 50 31
143 35 27
144 223 49
144 187 28
144 184 24
145 199 7
145 220 19
145 70 29
146 154 33
146 208 33
146 167 0
147 27 16
147 140 41
147 16 12
148 129 9
148 156 33
148 105 40
149 22 13
149 101 16
149 52 5
150 11 11
150 238 21
150 99 0
151 77 12
151 70 24
151 211 36
152 226 41
152 212 -8
152 4 2
153 34 21
153 220 12
153 118 23
154 9 27
154 38 -7
154 42 49
155 89 -2
155 212 42
155 156 2
156 198 40
156 191 49
156 145 31
157 133 -2
157 25 46
157 186 4
158 202 26
158 34 30
158 216 50
159 197 3
159 228 0
159 29 33
160 196 28
160 17 20
160 72 21
161 103 25
161 211 6
161 167 37
162 147 6
162 111 17
162 95 -4
163 72 12
163 144 17
163 169 34
164 194 8
164 36 -4
164 229 4
165 142 29
165 118 31
165 218 12
166 202 41
166 88 25
166 66 19
167 218 -6
167 70 7
167 77 -10
168 10 6
168 155 -3
168 191 19
169 143 5
169 74 39
169 192 5
170 114 4
170 179 46
170 186 -9
171 114 0
171 168 6
171 8 -9
172 150 0
172 139 22
172 183 33
173 13 43
173 237 48
173 153 37
174 119 44
174 198 4
174 102 16
175 189 38
175 238 14
175 140 27
176 150 -8
176 19 11
176 85 27
177 2 -6
177 188 24
177 18 6
178 163 3
178 127 8
178 69 2
179 213 28
179 204 -1
179 8 42
180 7 13
180 150 6
180 193 14
181 119 4
181 172 37
181 111 36
182 100 -6
182 55 1
182 124 21
183 222 49
183 39 33
183 137 46
184 78 13
184 166 -6
184 210 16
185 216 0
185 242 26
185 155 28
186 105 16
186 163 18
186 39 21
187 97 27
187 79 -3
187 232 5
188 225 11
188 119 11
188 187 21
189 64 -10
189 234 41
189 175 20
190 210 -10
190 111 -1
190 206 3
191 29 30
191 167 31
191 217 43
192 159 14
192 150 39
192 70 1
193 43 10
193 33 37
193 72 41
194 123 39
194 198 42
194 135 -8
195 139 -7
195 1 22
195 107 47
196 159 10
196 139 46
196 200 11
197 6 7
197 185 41
197 193 14
198 200 -7
198 86 -7
198 15 48
199 206 31
199 200 2
199 5 35
200 36 49
200 200 25
200 38 19
201 173 33
201 193 13
201 207 26
202 115 14
202 202 17
202 225 16
203 91 19
203 70 -5
203 83 16
204 79 15
204 169 46
204 15 44
205 68 47
205 116 48
205 162 42
206 137 -4
206 221 8
206 97 2
207 173 7
207 92 44
207 75 44
208 154 29
208 192 38
208 36 46
209 179 39
209 192 14
209 22 -8
210 150 14
210 193 -1
210 229 24
211 48 42
211 75 27
211 146 4
212 147 0
212 11 18
212 78 9
213 6 12
213 11 36
213 148 33
214 101 16
214 33 -6
214 125 8
215 192 0
215 15 -4
215 233 -3
216 60 14
216 0 3
216 242 44
217 217 3
217 14 18
217 32 38
218 154 21
218 153 -8
218 204 8
219 78 38
219 239 12
219 162 22
220 105 41
220 136 44
220 179 13
221 4 -9
221 23 10
221 137 22
222 200 29
222 145 30
222 33 11
223 169 48
223 156 -5
223 181 -1
224 204 21
224 111 42
224 90 -5
225 16 17
225 143 -4
225 161 47
226 40 30
226 188 10
226 198 7
227 63 28
227 211 50
227 35 17
228 153 43
228 87 50
228 66 -10
229 42 -10
229 118 19
229 78 5
230 20 -7
230 221 10
230 170 42
231 217 49
231 194 -7
231 67 -8
232 190 -8
232 185 11
232 96 31
233 166 -9
233 104 12
233 32 29
234 171 25
234 219 4
234 142 36
235 116 -9
235 146 43
235 149 41
236 226 15
236 59 48
236 73 -10
237 19 43
237 192 34
237 50 -2
238 117 -8
238 52 -9
238 97 4
239 84 39
239 29 10
239 72 47
240 163 26
240 139 48
240 154 13
241 9 5
241 104 29
241 7 10
242 130 8
242 133 37
242 166 19
