0 32 11
0 88 1
0 104 3
0 659 21
1 480 9
1 478 12
1 156 20
1 228 37
2 148 -9
2 510 40
2 202 -7
2 492 33
3 333 31
3 593 12
3 700 1
3 694 20
4 577 44
4 18 46
4 161 40
4 499 3
5 479 -8
5 208 42
5 358 11
5 543 25
6 697 37
6 587 12
6 487 41
6 19 20
7 109 1
7 79 38
7 516 49
7 84 46
8 275 -10
8 495 -9
8 586 11
8 153 -9
9 319 43
9 243 49
9 424 23
9 633 30
10 9 49
10 191 -1
10 290 -3
10 215 12
11 449 23
11 659 33
11 694 18
11 228 14
12 651 21
12 303 11
12 65 33
12 116 9
13 266 6
13 333 41
13 594 42
13 160 -2
14 177 25
14 550 32
14 188 50
14 494 -9
15 509 4
15 501 -3
15 66 14
15 164 4
16 351 -8
16 675 39
16 373 49
16 72 12
17 599 18
17 406 -6
17 269 36
17 517 2
18 366 25
18 540 -7
18 553 50
18 90 1
19 357 41
19 434 48
19 219 44
19 39 1
20 693 40
20 436 34
20 225 -1
20 603 -5
21 718 12
21 8 50
21 296 18
21 153 20
22 491 -1
22 666 29
22 449 30
22 453 15
23 246 2
23 679 37
23 206 29
23 663 -5
24 152 50
24 685 9
24 506 49
24 650 38
25 290 29
25 203 21
25 260 -8
25 520 1
26 500 26
26 694 13
26 290 34
26 475 40
27 27 6
27 629 -6
27 592 26
27 404 14
28 561 -10
28 570 34
28 369 2
28 284 12
29 48 13
29 517 -9
29 293 46
29 509 28
30 571 -4
30 462 41
30 521 45
30 296 39
31 261 8
31 52 -5
31 209 -8
31 318 21
32 266 8
32 7 -5
32 278 39
32 566 13
33 228 13
33 262 29
33 289 29
33 213 42
34 322 11
34 443 28
34 511 15
34 662 18
35 385 11
35 347 32
35 69 -5
35 262 22
36 452 19
36 420 48
36 10 -3
36 133 23
37 238 39
37 387 40
37 65 23
37 286 6
38 173 16
38 129 3
38 189 14
38 0 31
39 404 5
39 66 2
39 461 26
39 436 38
40 225 11
40 543 16
40 11 -2
40 101 50
41 521 2
41 226 17
41 715 22
41 600 33
42 691 29
42 116 46
42 419 28
42 352 40
43 641 50
43 17 6
43 373 36
43 185 34
44 30 42
44 284 29
44 676 -1
44 469 50
45 323 21
45 681 0
45 106 0
45 647 -3
46 180 42
46 575 47
46 506 30
46 142 13
47 243 42
47 419 5
47 63 35
47 113 37
48 53 -1
48 491 31
48 410 -3
48 95 35
49 376 -3
49 491 35
49 226 42
49 177 0
50 622 44
50 632 4
50 399 47
50 445 3
51 384 8
51 335 16
51 367 21
51 167 34
52 473 32
52 598 -9
52 340 -5
52 336 18
53 367 34
53 97 21
53 686 -6
53 627 12
54 476 42
54 607 25
54 25 4
54 594 25
55 86 11
55 483 28
55 97 7
55 322 22
56 208 39
56 173 39
56 511 12
56 162 -5
57 57 21
57 369 37
57 161 11
57 221 30
58 425 36
58 410 -10
58 50 -6
58 309 25
59 653 32
59 216 9
59 341 27
59 41 47
60 178 18
60 546 10
60 173 -7
60 287 50
61 44 -6
61 601 3
61 551 47
61 469 29
62 549 -1
62 146 37
62 604 8
62 362 33
63 697 27
63 0 -10
63 14 46
63 308 32
64 434 34
64 508 9
64 639 18
64 465 15
65 349 -2
65 338 48
65 609 25
65 418 42
66 408 7
66 477 -8
66 469 -10
66 261 29
67 315 40
67 374 42
67 659 29
67 699 4
68 612 24
68 599 3
68 171 44
68 656 25
69 122 11
69 692 0
69 700 0
69 431 33
70 573 29
70 112 -2
70 467 22
70 378 5
71 262 18
71 560 -1
71 332 31
71 5 23
72 457 49
72 366 9
72 568 17
72 420 47
73 185 19
73 693 38
73 569 -2
73 714 0
74 24 7
74 177 18
74 98 -6
74 723 5
75 206 44
75 179 31
75 534 41
75 203 43
76 416 -8
76 340 32
76 489 0
76 217 11
77 41 38
77 281 9
77 25 32
77 473 35
78 542 39
78 719 43
78 655 -10
78 449 20
79 716 25
79 119 22
79 439 18
79 233 4
80 519 31
80 560 -9
80 53 28
80 404 21
81 585 24
81 331 11
81 222 15
81 109 8
82 175 12
82 302 0
82 261 9
82 589 10
83 99 47
83 41 11
83 108 10
83 115 46
84 474 22
84 356 43
84 173 12
84 248 25
85 165 9
85 89 5
85 283 -5
85 50 49
86 476 36
86 365 44
86 553 43
86 258 -8
87 561 -4
87 90 6
87 201 50
87 17 19
88 507 2
88 652 35
88 583 41
88 337 26
89 378 9
89 34 45
89 74 14
89 18 46
90 616 -6
90 9 9
90 57 -7
90 720 40
91 193 36
91 559 28
91 642 9
91 519 8
92 399 25
92 550 2
92 240 14
92 628 27
93 34 29
93 178 1
93 197 14
93 108 5
94 28 49
94 702 19
94 562 48
94 705 5
95 402 15
95 599 18
95 561 -7
95 186 10
96 280 40
96 111 -5
96 344 9
96 38 -9
97 673 4
97 664 -9
97 591 15
97 403 0
98 339 45
98 154 19
98 147 47
98 378 26
99 115 28
99 314 -2
99 87 43
99 534 13
100 686 50
100 515 -10
100 655 1
100 128 8
101 397 9
101 368 -4
101 463 30
101 505 -1
102 47 46
102 603 19
102 239 11
102 192 7
103 678 4
103 657 34
103 456 45
103 582 43
104 556 25
104 341 4
104 371 48
104 710 4
105 711 45
105 654 -8
105 570 26
105 146 1
106 361 39
106 438 17
106 272 41
106 582 2
107 36 -1
107 436 2
107 600 -8
107 533 -9
108 107 50
108 538 18
108 64 39
108 144 8
109 495 -9
109 118 9
109 677 22
109 30 2
110 285 4
110 538 22
110 549 12
110 407 0
111 351 29
111 704 29
111 582 19
111 100 13
112 281 47
112 65 20
112 233 24
112 569 19
113 456 -3
113 692 7
113 223 12
113 341 -9
114 641 -1
114 694 34
114 720 6
114 673 -4
115 664 7
115 192 32
115 55 18
115 104 7
116 557 49
116 681 2
116 556 26
116 239 2
117 657 23
117 315 14
117 374 49
117 288 22
118 256 50
118 196 32
118 252 0
118 394 3
119 416 27
119 154 4
119 506 -9
119 256 23
120 606 11
120 23 26
120 356 18
120 166 31
121 92 10
121 63 48
121 35 21
121 202 18
122 231 37
122 165 37
122 344 -9
122 120 17
123 596 50
123 680 36
123 710 5
123 157 -6
124 593 -5
124 470 24
124 70 21
124 131 24
125 15 11
125 78 0
125 173 -7
125 520 14
126 483 44
126 515 41
126 143 4
126 129 26
127 358 -9
127 562 6
127 465 34
127 554 44
128 527 -8
128 354 12
128 7 34
128 209 17
129 308 19
129 429 50
129 194 12
129 691 16
130 532 28
130 47 2
130 384 26
130 135 -3
131 613 3
131 159 46
131 137 37
131 484 36
132 85 10
132 711 16
132 45 -3
132 471 1
133 657 25
133 461 2
133 569 28
133 72 1
134 173 46
134 497 -2
134 101 5
134 198 0
135 601 32
135 692 17
135 698 48
135 123 10
136 557 12
136 324 12
136 475 33
136 404 -1
137 415 38
137 527 5
137 561 -10
137 77 30
138 523 44
138 11 21
138 656 -5
138 60 31
139 194 40
139 165 7
139 470 12
139 573 -6
140 21 17
140 172 7
140 413 -7
140 171 21
141 163 37
141 533 5
141 195 6
141 0 37
142 634 34
142 615 14
142 26 50
142 717 30
143 698 2
143 11 25
143 620 28
143 187 10
144 381 -1
144 587 7
144 564 -5
144 343 -8
145 177 28
145 171 33
145 207 5
145 362 -1
146 538 36
146 301 42
146 372 28
146 413 27
147 443 19
147 230 16
147 636 45
147 603 2
148 404 17
148 532 5
148 491 11
148 415 17
149 472 28
149 489 49
149 206 31
149 419 44
150 549 31
150 208 5
150 459 7
150 161 2
151 672 -5
151 135 45
151 436 18
151 495 -5
152 649 30
152 529 19
152 623 32
152 706 -5
153 251 -1
153 673 4
153 39 1
153 100 9
154 533 46
154 230 4
154 556 22
154 615 49
155 232 -4
155 707 31
155 387 -8
155 229 21
156 43 -1
156 524 38
156 422 50
156 659 6
157 418 47
157 29 -7
157 417 32
157 672 -8
158 616 -8
158 663 40
158 193 36
158 392 2
159 197 34
159 721 18
159 293 30
159 520 21
160 428 -9
160 451 35
160 266 2
160 422 2
161 434 24
161 590 7
161 29 30
161 522 47
162 157 31
162 716 5
162 454 28
162 224 11
163 199 10
163 685 2
163 615 41
163 277 44
164 241 -6
164 63 47
164 7 32
164 463 15
165 563 16
165 13 24
165 485 -3
165 687 41
166 618 9
166 441 7
166 502 25
166 444 14
167 509 23
167 91 -10
167 504 12
167 337 10
168 545 24
168 523 35
168 512 17
168 622 22
169 387 47
169 388 -8
169 69 31
169 235 44
170 469 -10
170 480 50
170 418 46
170 571 24
171 222 -9
171 302 19
171 191 42
171 409 22
172 476 10
172 599 39
172 166 46
172 454 -8
173 579 40
173 349 46
173 659 34
173 388 50
174 687 25
174 410 -4
174 633 15
174 641 36
175 79 26
175 685 28
175 137 9
175 435 -3
176 363 1
176 254 26
176 190 31
176 532 -1
177 680 14
177 481 9
177 597 -9
177 648 42
178 574 5
178 712 38
178 412 0
178 604 -7
179 465 40
179 389 6
179 553 42
179 487 40
180 206 9
180 165 4
180 170 -4
180 614 24
181 298 21
181 182 29
181 684 2
181 527 2
182 58 23
182 279 2
182 583 23
182 589 22
183 165 49
183 192 22
183 150 1
183 533 48
184 142 41
184 23 23
184 667 26
184 434 19
185 452 -10
185 208 32
185 523 33
185 694 44
186 679 -9
186 643 6
186 138 40
186 415 10
187 424 -2
187 459 35
187 370 -6
187 376 8
188 185 27
188 657 36
188 355 -7
188 134 7
189 59 -9
189 18 29
189 687 8
189 26 35
190 531 50
190 625 42
190 553 7
190 449 4
191 504 37
191 104 23
191 52 28
191 166 21
192 243 37
192 483 12
192 475 -6
192 611 25
193 172 33
193 251 45
193 613 38
193 217 10
194 574 34
194 534 32
194 231 17
194 274 17
195 612 47
195 330 -1
195 130 43
195 528 41
196 41 46
196 600 18
196 527 45
196 500 -1
197 383 11
197 279 28
197 477 37
197 133 -9
198 238 2
198 348 24
198 371 29
198 653 48
199 450 -6
199 367 3
199 379 36
199 582 25
200 626 7
200 385 37
200 384 1
200 573 41
201 356 -9
201 485 35
201 69 21
201 54 13
202 5 19
202 225 16
202 296 50
202 79 35
203 32 19
203 47 -9
203 61 -8
203 102 -9
204 709 32
204 10 25
204 271 34
204 582 15
205 156 49
205 181 29
205 583 48
205 160 3
206 87 -10
206 592 26
206 162 -8
206 28 -4
207 567 12
207 605 42
207 332 35
207 214 38
208 93 31
208 304 10
208 257 41
208 440 3
209 122 49
209 266 9
209 485 47
209 192 11
210 260 4
210 583 49
210 175 12
210 66 44
211 135 4
211 269 0
211 99 28
211 407 15
212 708 12
212 5 37
212 318 24
212 99 -5
213 517 44
213 595 17
213 240 -9
213 294 41
214 291 41
214 373 25
214 208 47
214 658 49
215 560 6
215 438 -1
215 130 -2
215 301 4
216 277 13
216 703 38
216 202 -9
216 484 20
217 66 9
217 441 39
217 586 40
217 256 29
218 511 19
218 64 45
218 696 37
218 690 28
219 547 -9
219 85 46
219 694 15
219 414 32
220 143 1
220 464 38
220 89 14
220 513 2
221 197 9
221 461 -3
221 587 32
221 381 41
222 245 -7
222 716 28
222 616 30
222 367 44
223 526 -6
223 10 43
223 288 -8
223 539 10
224 262 -3
224 225 21
224 300 20
224 506 7
225 590 35
225 1 50
225 583 4
225 623 29
226 277 29
226 668 1
226 186 24
226 226 -9
227 208 46
227 280 1
227 110 22
227 555 6
228 722 35
228 723 3
228 417 21
228 61 -5
229 365 49
229 354 34
229 624 47
229 676 23
230 486 30
230 693 46
230 549 41
230 105 45
231 54 43
231 151 38
231 654 29
231 536 -4
232 207 42
232 389 31
232 657 44
232 529 30
233 141 41
233 582 35
233 564 17
233 152 14
234 461 30
234 347 12
234 356 -7
234 578 32
235 15 33
235 112 47
235 600 38
235 709 4
236 570 2
236 339 4
236 558 49
236 704 4
237 694 47
237 236 33
237 523 15
237 134 38
238 717 14
238 448 31
238 510 16
238 480 11
239 251 36
239 703 -8
239 361 -3
239 10 -9
240 219 15
240 22 3
240 278 15
240 197 18
241 181 18
241 578 37
241 271 11
241 587 -7
242 643 36
242 54 5
242 576 13
242 575 43
243 232 18
243 132 36
243 588 14
243 219 41
244 26 26
244 235 -4
244 368 29
244 284 8
245 19 21
245 379 50
245 442 17
245 541 11
246 344 48
246 657 7
246 527 15
246 190 39
247 160 3
247 451 18
247 122 37
247 257 6
248 67 25
248 728 17
248 357 49
248 280 29
249 288 15
249 433 -3
249 401 16
249 676 25
250 289 49
250 385 39
250 557 -6
250 473 10
251 347 5
251 186 47
251 494 -2
251 423 13
252 384 27
252 445 49
252 155 25
252 17 0
253 104 8
253 72 45
253 144 41
253 148 2
254 250 12
254 325 6
254 7 31
254 246 37
255 443 17
255 628 47
255 503 50
255 218 10
256 195 3
256 527 6
256 287 47
256 421 42
257 443 37
257 524 -7
257 139 9
257 96 19
258 104 9
258 468 -1
258 491 14
258 270 46
259 45 35
259 592 19
259 671 7
259 333 13
260 372 -1
260 292 10
260 125 -3
260 501 14
261 655 -8
261 232 24
261 596 37
261 455 -6
262 21 40
262 439 -5
262 536 3
262 167 -3
263 507 50
263 205 33
263 467 18
263 391 39
264 297 38
264 398 35
264 668 15
264 619 43
265 93 27
265 287 39
265 629 24
265 111 21
266 12 -3
266 612 31
266 336 33
266 27 9
267 436 17
267 190 -10
267 398 0
267 91 22
268 536 -10
268 567 46
268 108 16
268 696 42
269 207 8
269 162 20
269 623 24
269 629 31
270 633 -5
270 319 38
270 351 -3
270 520 18
271 7 -1
271 572 50
271 156 29
271 587 50
272 303 16
272 79 13
272 345 21
272 152 50
273 571 23
273 586 -5
273 131 8
273 319 42
274 723 2
274 324 41
274 292 43
274 513 20
275 483 -10
275 575 36
275 184 20
275 82 4
276 26 2
276 385 5
276 74 11
276 507 38
277 32 39
277 145 38
277 300 32
277 378 25
278 0 9
278 444 7
278 266 37
278 219 5
279 34 8
279 108 22
279 126 40
279 155 36
280 708 16
280 152 39
280 526 4
280 327 34
281 472 22
281 171 5
281 385 3
281 693 0
282 149 8
282 127 36
282 264 4
282 63 47
283 591 -3
283 694 11
283 719 6
283 497 50
284 287 -4
284 379 22
284 28 17
284 92 19
285 76 43
285 171 5
285 440 26
285 296 30
286 171 45
286 81 -10
286 219 20
286 182 34
287 495 19
287 604 25
287 73 3
287 259 21
288 471 14
288 623 36
288 243 14
288 627 44
289 606 -10
289 230 15
289 11 28
289 533 21
290 399 24
290 67 37
290 209 24
290 505 32
291 202 30
291 265 42
291 201 44
291 86 8
292 612 18
292 70 2
292 323 8
292 447 1
293 394 5
293 144 48
293 653 32
293 37 20
294 12 -6
294 390 10
294 709 41
294 1 35
295 724 11
295 459 17
295 240 -9
295 496 26
296 152 39
296 250 15
296 713 45
296 124 19
297 273 5
297 55 -3
297 217 48
297 698 4
298 374 47
298 256 33
298 153 32
298 715 9
299 702 -4
299 150 10
299 617 23
299 514 29
300 662 36
300 516 22
300 360 32
300 474 46
301 358 20
301 279 48
301 70 33
301 432 22
302 235 41
302 247 19
302 572 38
302 163 27
303 306 26
303 385 -9
303 410 47
303 414 23
304 385 37
304 439 17
304 469 0
304 277 19
305 162 15
305 123 0
305 432 30
305 125 40
306 141 50
306 504 -6
306 233 -3
306 157 33
307 608 32
307 184 45
307 163 19
307 82 13
308 426 29
308 191 38
308 332 2
308 444 22
309 474 34
309 175 40
309 21 19
309 115 46
310 299 49
310 681 9
310 362 35
310 344 43
311 280 37
311 709 -5
311 575 8
311 618 22
312 210 9
312 66 39
312 727 27
312 485 1
313 705 -3
313 98 37
313 587 33
313 693 -4
314 459 36
314 691 38
314 383 16
314 512 50
315 283 21
315 4 21
315 206 40
315 329 14
316 206 16
316 410 -6
316 426 13
316 250 31
317 10 40
317 186 48
317 445 -5
317 248 12
318 187 6
318 340 25
318 14 -7
318 641 11
319 379 49
319 267 30
319 310 39
319 307 19
320 551 -2
320 106 46
320 553 39
320 222 35
321 93 50
321 717 25
321 681 16
321 572 -8
322 316 36
322 287 49
322 255 37
322 526 16
323 295 5
323 668 24
323 465 3
323 570 10
324 236 32
324 714 44
324 661 45
324 73 -1
325 242 11
325 190 -8
325 475 32
325 511 22
326 394 34
326 570 9
326 626 43
326 181 6
327 58 44
327 424 3
327 367 48
327 260 19
328 569 43
328 113 0
328 257 -8
328 153 35
329 426 -6
329 694 4
329 3 44
329 413 4
330 174 10
330 122 -2
330 71 11
330 619 12
331 424 7
331 280 13
331 206 4
331 293 44
332 591 7
332 175 48
332 41 15
332 620 37
333 299 20
333 267 7
333 138 42
333 327 -7
334 383 -2
334 10 18
334 202 27
334 389 38
335 570 21
335 316 -2
335 108 -5
335 273 44
336 642 -2
336 269 33
336 226 26
336 49 -4
337 372 25
337 278 23
337 623 50
337 450 33
338 682 38
338 359 31
338 717 -5
338 231 10
339 315 31
339 56 13
339 54 23
339 22 -1
340 226 0
340 278 8
340 78 14
340 428 43
341 448 43
341 588 18
341 209 -7
341 68 -9
342 42 13
342 497 6
342 251 3
342 38 -4
343 352 -3
343 618 32
343 601 41
343 1 15
344 558 38
344 1 40
344 233 0
344 535 1
345 584 1
345 472 46
345 705 41
345 583 -4
346 595 32
346 404 36
346 707 -8
346 133 44
347 715 14
347 185 44
347 111 20
347 687 6
348 643 -8
348 25 20
348 566 42
348 455 6
349 227 13
349 112 6
349 188 2
349 399 22
350 496 38
350 171 43
350 695 1
350 253 -9
351 505 15
351 541 44
351 74 4
351 184 6
352 636 9
352 492 22
352 42 21
352 521 2
353 595 -8
353 650 1
353 600 44
353 286 0
354 21 -8
354 291 23
354 212 45
354 297 42
355 433 20
355 232 7
355 235 47
355 123 -7
356 627 11
356 242 17
356 640 14
356 565 37
357 667 0
357 188 33
357 433 33
357 534 38
358 381 49
358 69 50
358 268 46
358 209 3
359 653 28
359 107 2
359 307 -3
359 479 41
360 473 42
360 501 11
360 204 48
360 340 34
361 272 0
361 309 6
361 451 10
361 58 32
362 388 16
362 324 5
362 121 24
362 78 43
363 602 -6
363 383 38
363 43 12
363 191 30
364 660 48
364 350 21
364 479 5
364 634 -2
365 116 32
365 355 13
365 506 21
365 298 16
366 345 38
366 450 12
366 232 4
366 139 27
367 341 14
367 91 21
367 282 -3
367 349 -7
368 245 7
368 705 -7
368 465 43
368 374 -8
369 274 29
369 47 32
369 218 22
369 22 1
370 595 42
370 657 35
370 628 43
370 560 17
371 38 38
371 73 -7
371 204 1
371 161 -9
372 20 34
372 250 -6
372 196 10
372 516 4
373 251 23
373 700 1
373 535 -5
373 660 16
374 644 49
374 128 -3
374 104 23
374 232 -2
375 60 25
375 640 9
375 176 10
375 341 8
376 565 17
376 131 34
376 665 22
376 503 38
377 659 46
377 462 2
377 95 15
377 316 -8
378 608 42
378 2 7
378 582 37
378 125 40
379 539 29
379 355 -2
379 643 21
379 183 -4
380 187 42
380 513 38
380 410 39
380 116 23
381 389 28
381 432 38
381 421 17
381 672 18
382 642 -8
382 462 37
382 179 4
382 586 -1
383 252 37
383 153 45
383 537 38
383 95 8
384 277 42
384 296 -5
384 523 33
384 654 15
385 441 17
385 116 14
385 378 -5
385 612 3
386 4 31
386 236 48
386 383 30
386 528 39
387 484 17
387 428 37
387 467 36
387 465 46
388 30 4
388 152 7
388 73 33
388 185 10
389 435 50
389 96 -6
389 538 32
389 3 3
390 504 14
390 530 8
390 510 10
390 420 24
391 460 41
391 185 -6
391 448 21
391 391 5
392 311 -4
392 481 35
392 248 10
392 347 -8
393 595 42
393 395 16
393 50 19
393 23 47
394 264 44
394 517 48
394 332 14
394 667 -6
395 684 46
395 439 45
395 402 4
395 509 2
396 272 38
396 724 1
396 556 -8
396 653 18
397 412 13
397 632 19
397 344 29
397 93 36
398 659 34
398 280 39
398 268 6
398 504 14
399 699 -5
399 254 29
399 672 22
399 712 30
400 652 37
400 185 18
400 498 -2
400 707 34
401 233 44
401 271 16
401 715 32
401 83 -5
402 425 47
402 713 24
402 210 40
402 722 15
403 329 11
403 179 6
403 637 44
403 667 4
404 140 40
404 667 20
404 589 30
404 446 23
405 705 18
405 120 -1
405 710 2
405 413 26
406 194 3
406 175 10
406 334 1
406 33 -10
407 42 38
407 207 17
407 552 3
407 690 12
408 447 14
408 50 -5
408 723 -3
408 578 32
409 291 29
409 288 36
409 351 -1
409 305 50
410 547 26
410 399 16
410 98 -2
410 265 13
411 94 37
411 269 29
411 67 22
411 59 -3
412 486 47
412 270 -8
412 411 42
412 255 32
413 267 26
413 423 16
413 694 42
413 612 -1
414 658 39
414 292 7
414 342 -4
414 523 46
415 656 22
415 709 45
415 650 29
415 686 -9
416 505 5
416 692 33
416 703 41
416 161 32
417 211 44
417 308 6
417 33 24
417 315 7
418 279 -6
418 523 12
418 62 7
418 506 -3
419 8 45
419 713 45
419 704 -5
419 142 3
420 703 -7
420 294 21
420 324 14
420 367 12
421 667 11
421 338 -3
421 494 -5
421 289 12
422 710 -7
422 114 14
422 27 -6
422 212 1
423 4 24
423 322 24
423 672 -6
423 86 -7
424 19 37
424 595 -7
424 463 39
424 506 20
425 358 -3
425 550 0
425 219 -4
425 345 15
426 549 7
426 600 20
426 706 11
426 62 12
427 636 38
427 139 26
427 475 33
427 675 -9
428 56 7
428 644 31
428 225 25
428 370 8
429 164 42
429 334 48
429 658 -8
429 211 -3
430 37 3
430 504 35
430 522 11
430 725 22
431 577 -8
431 457 -8
431 540 41
431 624 7
432 395 3
432 13 4
432 587 0
432 279 22
433 380 -6
433 584 -8
433 191 46
433 236 19
434 327 43
434 420 38
434 205 12
434 727 14
435 2 22
435 183 4
435 308 23
435 36 21
436 244 20
436 399 27
436 238 13
436 481 37
437 190 32
437 376 24
437 581 -9
437 58 42
438 251 10
438 655 -1
438 345 -9
438 689 1
439 558 -8
439 516 48
439 577 48
439 646 14
440 228 9
440 372 1
440 622 1
440 533 -1
441 640 38
441 465 25
441 242 40
441 299 37
442 630 -3
442 399 45
442 328 22
442 220 37
443 129 22
443 99 0
443 186 6
443 247 48
444 511 27
444 508 7
444 194 -2
444 488 36
445 671 1
445 224 42
445 376 39
445 126 3
446 376 28
446 701 -1
446 512 6
446 488 34
447 377 33
447 68 8
447 604 22
447 426 27
448 385 18
448 239 -9
448 696 12
448 311 29
449 580 -2
449 449 25
449 686 -1
449 131 46
450 177 47
450 486 49
450 651 -7
450 52 -9
451 103 29
451 489 37
451 614 28
451 720 14
452 570 7
452 476 39
452 586 3
452 251 3
453 221 49
453 291 9
453 173 27
453 689 49
454 152 12
454 490 37
454 140 32
454 0 4
455 111 0
455 578 27
455 124 16
455 623 48
456 427 16
456 129 15
456 56 6
456 170 -8
457 529 19
457 633 18
457 332 29
457 681 32
458 488 16
458 7 21
458 255 9
458 499 21
459 496 39
459 719 9
459 544 0
459 35 50
460 612 -4
460 705 8
460 723 -4
460 217 33
461 57 34
461 303 35
461 164 30
461 145 19
462 697 47
462 179 4
462 338 36
462 394 37
463 653 45
463 727 40
463 448 15
463 160 32
464 554 7
464 448 50
464 462 12
464 700 -9
465 236 44
465 180 25
465 707 4
465 679 30
466 106 -5
466 525 19
466 256 32
466 728 16
467 24 12
467 98 32
467 387 0
467 252 12
468 22 17
468 210 44
468 86 -6
468 453 -10
469 82 35
469 349 24
469 586 31
469 6 2
470 56 0
470 586 29
470 171 49
470 120 20
471 32 16
471 117 4
471 104 31
471 80 -5
472 697 50
472 60 -10
472 99 49
472 4 -7
473 44 30
473 242 36
473 281 43
473 221 -3
474 407 31
474 277 47
474 291 45
474 223 -6
475 243 33
475 369 47
475 336 46
475 652 25
476 189 -3
476 716 49
476 123 29
476 649 42
477 523 30
477 247 30
477 38 27
477 40 27
478 174 25
478 473 49
478 520 -9
478 237 42
479 112 14
479 560 1
479 327 46
479 381 6
480 93 12
480 432 -1
480 537 9
480 562 13
481 693 32
481 34 25
481 176 42
481 626 26
482 197 37
482 87 50
482 694 31
482 201 28
483 380 33
483 154 16
483 143 26
483 300 33
484 352 -10
484 631 -9
484 534 47
484 119 13
485 723 19
485 500 47
485 33 1
485 699 43
486 218 -2
486 397 41
486 10 37
486 617 45
487 258 8
487 725 1
487 204 -3
487 88 43
488 299 39
488 344 19
488 633 10
488 602 18
489 244 42
489 424 3
489 399 -10
489 135 -5
490 631 50
490 605 -10
490 29 18
490 480 7
491 163 9
491 138 30
491 43 15
491 373 24
492 217 18
492 625 -7
492 79 49
492 375 29
493 678 49
493 406 48
493 92 50
493 592 0
494 701 -9
494 84 39
494 589 1
494 467 7
495 490 28
495 19 49
495 281 22
495 326 7
496 8 28
496 246 41
496 348 43
496 215 19
497 318 15
497 272 44
497 613 20
497 583 16
498 231 10
498 36 -8
498 131 13
498 649 -10
499 184 9
499 604 -5
499 510 22
499 412 44
500 229 36
500 232 40
500 728 4
500 502 23
501 518 35
501 178 -4
501 537 23
501 437 39
502 149 42
502 486 13
502 52 4
502 351 8
503 524 16
503 702 16
503 55 38
503 272 2
504 493 -6
504 488 5
504 579 10
504 259 -9
505 485 7
505 42 14
505 470 35
505 510 33
506 579 -4
506 349 42
506 123 24
506 316 48
507 553 25
507 402 50
507 124 35
507 519 -10
508 77 5
508 558 1
508 718 -3
508 296 34
509 526 13
509 216 6
509 444 13
509 514 35
510 443 -1
510 374 44
510 283 37
510 663 36
511 429 8
511 165 39
511 283 -10
511 619 45
512 412 -3
512 466 45
512 715 11
512 325 33
513 176 40
513 407 43
513 717 50
513 363 36
514 504 4
514 447 45
514 325 24
514 344 16
515 718 20
515 27 46
515 642 -2
515 260 42
516 722 49
516 177 24
516 386 15
516 119 -4
517 493 7
517 631 21
517 168 27
517 362 19
518 78 50
518 180 45
518 462 -3
518 607 15
519 482 31
519 351 3
519 179 3
519 349 -1
520 235 40
520 507 24
520 477 -7
520 81 25
521 425 30
521 173 28
521 53 15
521 715 0
522 65 24
522 712 49
522 691 21
522 427 12
523 301 40
523 468 -5
523 287 29
523 279 7
524 614 49
524 592 36
524 133 22
524 231 13
525 283 17
525 601 19
525 567 1
525 645 9
526 203 40
526 57 18
526 117 36
526 60 24
527 161 16
527 347 30
527 65 45
527 242 24
528 311 40
528 668 49
528 406 32
528 452 23
529 380 19
529 475 -6
529 360 37
529 477 17
530 647 32
530 179 49
530 468 38
530 81 -5
531 394 5
531 526 7
531 682 34
531 36 -6
532 501 1
532 709 48
532 502 19
532 494 -3
533 383 26
533 728 29
533 81 27
533 205 -10
534 638 -7
534 391 40
534 250 23
534 633 -5
535 351 30
535 552 49
535 648 6
535 196 49
536 13 0
536 225 16
536 235 18
536 296 26
537 409 37
537 81 20
537 400 12
537 117 33
538 120 21
538 136 10
538 608 19
538 464 43
539 649 44
539 162 24
539 503 49
539 65 33
540 712 20
540 659 37
540 460 34
540 285 -6
541 149 28
541 80 45
541 102 -5
541 308 19
542 332 2
542 43 34
542 289 9
542 620 44
543 422 21
543 406 16
543 411 -10
543 340 29
544 211 9
544 61 21
544 124 39
544 83 23
545 162 2
545 272 22
545 716 -3
545 665 47
546 100 43
546 531 -7
546 114 8
546 226 16
547 654 15
547 538 12
547 553 -8
547 358 -9
548 598 18
548 156 16
548 393 0
548 445 39
549 29 19
549 447 31
549 373 11
549 335 -10
550 719 7
550 489 20
550 10 -6
550 445 19
551 68 42
551 628 49
551 583 42
551 106 8
552 305 25
552 73 29
552 128 36
552 703 -4
553 133 41
553 173 44
553 431 15
553 606 19
554 273 49
554 152 12
554 531 49
554 575 26
555 302 32
555 492 37
555 181 26
555 57 46
556 665 41
556 634 47
556 275 -4
556 399 40
557 656 43
557 541 -1
557 708 28
557 229 -7
558 234 31
558 163 33
558 250 7
558 636 20
559 483 45
559 157 26
559 74 15
559 600 35
560 701 -1
560 253 42
560 11 40
560 105 3
561 123 18
561 653 -9
561 336 -5
561 711 36
562 712 23
562 56 19
562 332 37
562 413 40
563 719 9
563 378 5
563 235 49
563 76 -10
564 382 34
564 633 15
564 609 25
564 137 7
565 106 -6
565 462 1
565 392 15
565 640 50
566 216 16
566 59 39
566 108 18
566 262 48
567 492 -5
567 164 24
567 517 3
567 562 1
568 374 18
568 192 22
568 654 7
568 437 -2
569 391 -2
569 101 25
569 242 7
569 608 23
570 708 -7
570 634 49
570 38 -8
570 364 12
571 434 -1
571 156 1
571 573 23
571 572 15
572 633 -9
572 652 -5
572 364 37
572 395 32
573 335 25
573 437 20
573 508 43
573 663 26
574 611 19
574 202 22
574 540 22
574 77 30
575 171 44
575 646 -1
575 400 6
575 590 21
576 702 22
576 669 30
576 678 43
576 720 7
577 103 28
577 311 11
577 372 46
577 726 19
578 440 24
578 352 47
578 570 46
578 675 43
579 112 21
579 384 9
579 531 28
579 266 0
580 564 17
580 469 22
580 720 1
580 247 40
581 338 30
581 154 15
581 253 -1
581 413 -9
582 706 46
582 394 43
582 93 28
582 187 37
583 560 39
583 166 -8
583 444 48
583 493 29
584 266 -8
584 241 38
584 144 -7
584 529 -3
585 497 40
585 91 9
585 284 18
585 164 34
586 346 10
586 437 11
586 704 10
586 271 0
587 645 2
587 346 28
587 497 17
587 266 28
588 523 20
588 470 36
588 445 -4
588 225 9
589 404 17
589 413 46
589 448 -10
589 577 13
590 34 6
590 682 12
590 359 43
590 545 38
591 110 37
591 262 8
591 630 35
591 270 34
592 484 14
592 718 42
592 460 15
592 592 19
593 709 43
593 273 42
593 125 -3
593 671 7
594 585 50
594 347 -6
594 475 3
594 668 48
595 683 10
595 269 4
595 0 4
595 635 10
596 0 18
596 134 4
596 465 16
596 223 37
597 274 2
597 500 3
597 66 44
597 186 37
598 142 1
598 315 38
598 502 36
598 101 17
599 633 -6
599 667 1
599 359 30
599 567 -9
600 95 37
600 446 -8
600 148 -10
600 633 25
601 614 19
601 449 26
601 474 10
601 52 7
602 67 9
602 132 50
602 249 42
602 653 4
603 53 -3
603 236 7
603 614 -10
603 398 47
604 225 25
604 168 -5
604 412 38
604 423 42
605 656 18
605 427 30
605 406 46
605 645 13
606 475 -5
606 670 10
606 460 40
606 327 47
607 456 -7
607 552 36
607 87 23
607 678 45
608 142 31
608 135 38
608 368 32
608 122 38
609 151 0
609 324 50
609 657 18
609 480 11
610 467 37
610 25 24
610 464 9
610 339 25
611 366 36
611 160 19
611 11 -6
611 215 20
612 583 18
612 156 7
612 535 49
612 145 9
613 456 27
613 694 5
613 336 34
613 592 28
614 494 12
614 452 -2
614 419 33
614 48 -4
615 581 -5
615 688 37
615 123 -9
615 195 49
616 702 26
616 378 30
616 258 15
616 93 34
617 441 10
617 174 -3
617 131 30
617 301 29
618 281 48
618 659 33
618 443 22
618 384 0
619 544 16
619 337 40
619 695 5
619 94 50
620 690 0
620 75 18
620 444 30
620 9 28
621 405 3
621 9 -2
621 398 24
621 59 44
622 691 27
622 100 3
622 146 19
622 328 41
623 277 12
623 256 16
623 274 23
623 361 23
624 271 -4
624 81 9
624 54 3
624 676 39
625 451 35
625 444 10
625 445 37
625 249 42
626 670 46
626 618 28
626 283 22
626 405 13
627 688 0
627 254 25
627 460 5
627 96 17
628 679 0
628 344 -2
628 268 38
628 641 42
629 426 47
629 289 43
629 308 22
629 355 -1
630 514 43
630 515 42
630 640 5
630 257 10
631 302 -6
631 282 2
631 24 -1
631 214 35
632 4 19
632 156 35
632 299 43
632 619 41
633 602 45
633 673 23
633 344 21
633 431 43
634 544 21
634 376 40
634 36 -9
634 682 5
635 593 0
635 373 19
635 240 -1
635 41 29
636 595 -2
636 144 47
636 622 -7
636 696 42
637 391 24
637 126 13
637 211 -2
637 314 20
638 580 -7
638 109 19
638 595 21
638 226 2
639 654 2
639 526 -8
639 85 47
639 411 -9
640 393 -3
640 651 -2
640 39 41
640 409 0
641 708 16
641 64 21
641 169 44
641 573 7
642 339 12
642 637 -7
642 372 22
642 292 28
643 539 -10
643 464 0
643 106 12
643 380 -4
644 506 5
644 413 32
644 549 6
644 425 21
645 256 18
645 346 8
645 316 -5
645 624 9
646 677 15
646 488 16
646 294 33
646 68 36
647 318 35
647 355 36
647 483 -2
647 551 29
648 665 -2
648 255 20
648 685 7
648 463 -2
649 67 -5
649 265 -1
649 75 -5
649 487 31
650 142 45
650 522 19
650 475 1
650 167 16
651 198 1
651 117 -3
651 156 -6
651 391 37
652 709 1
652 578 32
652 224 10
652 504 4
653 19 10
653 123 29
653 558 45
653 295 49
654 128 18
654 35 20
654 484 34
654 295 31
655 352 -4
655 262 9
655 708 24
655 49 18
656 197 12
656 73 4
656 566 -10
656 161 -2
657 245 45
657 128 37
657 166 -2
657 402 31
658 318 5
658 524 10
658 266 -4
658 383 48
659 681 39
659 24 17
659 19 12
659 68 1
660 150 -5
660 87 20
660 346 50
660 22 18
661 711 19
661 115 35
661 380 -6
661 69 8
662 403 28
662 398 11
662 312 29
662 186 50
663 148 27
663 374 45
663 462 17
663 562 37
664 211 25
664 50 33
664 526 48
664 419 19
665 579 19
665 284 -4
665 500 31
665 555 44
666 574 -6
666 293 -7
666 456 28
666 600 5
667 689 26
667 398 7
667 314 7
667 485 27
668 509 13
668 531 17
668 234 22
668 441 41
669 205 1
669 493 26
669 706 15
669 329 2
670 723 38
670 336 5
670 550 13
670 503 32
671 79 29
671 561 -6
671 31 -7
671 368 39
672 479 -8
672 473 38
672 570 3
672 247 29
673 360 29
673 380 8
673 510 35
673 516 26
674 230 39
674 403 50
674 508 12
674 367 3
675 527 33
675 429 -10
675 321 -10
675 548 5
676 595 -2
676 234 33
676 657 35
676 110 39
677 120 27
677 253 20
677 276 30
677 583 49
678 341 50
678 184 31
678 612 33
678 156 18
679 378 4
679 419 5
679 281 10
679 398 12
680 158 25
680 210 43
680 12 18
680 2 35
681 616 41
681 212 20
681 651 16
681 118 50
682 502 18
682 561 41
682 482 29
682 423 27
683 200 36
683 458 -1
683 708 14
683 255 28
684 387 28
684 402 8
684 592 6
684 710 3
685 108 14
685 643 30
685 615 1
685 293 7
686 691 12
686 401 43
686 469 18
686 203 43
687 565 13
687 600 14
687 416 25
687 130 36
688 219 26
688 652 9
688 207 2
688 562 50
689 631 8
689 345 20
689 135 9
689 533 2
690 568 47
690 720 33
690 657 26
690 427 33
691 661 32
691 486 40
691 51 -1
691 50 21
692 420 33
692 709 29
692 234 16
692 392 25
693 645 9
693 104 7
693 452 43
693 506 13
694 648 25
694 600 8
694 319 36
694 696 4
695 223 -4
695 48 35
695 518 33
695 172 -6
696 251 -3
696 464 13
696 322 14
696 71 9
697 491 -7
697 647 15
697 440 -2
697 684 38
698 370 47
698 562 48
698 480 -3
698 389 0
699 431 9
699 604 24
699 164 2
699 57 18
700 557 12
700 527 46
700 275 41
700 567 22
701 401 44
701 608 40
701 358 36
701 649 39
702 16 38
702 138 17
702 460 -9
702 97 1
703 593 23
703 10 13
703 554 14
703 70 -1
704 37 33
704 160 25
704 645 13
704 527 19
705 662 -7
705 57 14
705 418 50
705 469 24
706 87 -10
706 557 34
706 585 31
706 337 15
707 254 32
707 655 -8
707 414 34
707 89 45
708 220 9
708 212 -7
708 425 28
708 82 -6
709 44 42
709 277 24
709 295 33
709 346 32
710 252 2
710 380 40
710 278 13
710 6 -2
711 336 -5
711 417 2
711 462 17
711 100 9
712 382 28
712 269 23
712 679 44
712 64 -10
713 490 -2
713 636 30
713 163 35
713 618 28
714 55 38
714 702 44
714 257 34
714 671 5
715 446 6
715 242 34
715 314 27
715 312 22
716 281 14
716 402 24
716 381 33
716 583 -5
717 434 -1
717 555 37
717 370 -5
717 640 45
718 162 44
718 387 -5
718 221 43
718 462 21
719 138 42
719 474 44
719 495 6
719 225 37
720 87 23
720 458 -8
720 542 44
720 238 -1
721 251 45
721 471 48
721 687 14
721 674 45
722 446 31
722 718 48
722 289 14
722 232 35
723 427 37
723 684 38
723 391 -3
723 420 37
724 78 44
724 574 47
724 639 49
724 316 43
725 326 -5
725 409 46
725 620 34
725 31 40
726 314 44
726 453 50
726 651 8
726 657 26
727 112 14
727 170 1
727 242 47
727 432 3
728 188 38
728 390 32
728 539 9
728 615 34
