0 215 16
0 47 47
0 278 22
1 621 25
1 277 26
1 94 36
2 479 10
2 176 -8
2 262 37
3 723 9
3 386 2
3 275 27
4 330 35
4 478 40
4 92 47
5 632 23
5 287 5
5 40 23
6 385 8
6 234 4
6 455 35
7 489 42
7 706 14
7 425 43
8 638 -2
8 16 46
8 472 35
9 497 13
9 405 46
9 392 27
10 237 40
10 432 4
10 424 33
11 717 43
11 405 49
11 369 49
12 728 -2
12 516 42
12 243 37
13 395 33
13 80 47
13 75 8
14 151 4
14 74 3
14 445 48
15 503 -9
15 389 -7
15 657 45
16 129 -3
16 342 38
16 317 47
17 115 43
17 290 27
17 649 31
18 470 21
18 135 9
18 175 -7
19 178 1
19 232 12
19 332 19
20 346 10
20 81 -2
20 669 39
21 268 2
21 281 43
21 53 -7
22 42 40
22 542 -10
22 427 32
23 492 42
23 49 -6
23 524 34
24 288 44
24 0 18
24 582 14
25 274 25
25 65 18
25 206 1
26 720 38
26 253 4
26 534 15
27 320 25
27 653 5
27 535 34
28 45 6
28 324 2
28 376 42
29 674 23
29 449 43
29 260 -10
30 633 -9
30 502 -8
30 339 10
31 332 40
31 82 28
31 53 43
32 341 12
32 91 10
32 685 -8
33 421 27
33 374 32
33 629 32
34 314 36
34 312 11
34 147 9
35 514 49
35 557 49
35 377 43
36 624 5
36 676 19
36 193 39
37 220 49
37 552 39
37 604 43
38 387 15
38 136 3
38 312 11
39 232 32
39 237 3
39 465 39
40 566 16
40 614 46
40 166 40
41 11 36
41 599 26
41 394 -10
42 137 25
42 402 30
42 375 10
43 95 9
43 573 -8
43 243 43
44 623 23
44 410 21
44 647 29
45 516 12
45 575 -1
45 328 22
46 290 2
46 251 -5
46 653 21
47 579 4
47 709 -3
47 377 24
48 707 15
48 566 1
48 330 18
49 157 42
49 183 31
49 534 42
50 340 37
50 34 18
50 349 27
51 377 46
51 328 11
51 427 29
52 172 -2
52 670 -9
52 157 37
53 507 35
53 240 21
53 314 33
54 603 -6
54 244 -8
54 665 -10
55 336 -3
55 726 0
55 90 36
56 182 29
56 613 28
56 724 35
57 390 45
57 393 -1
57 320 2
58 651 23
58 313 0
58 70 48
59 182 -5
59 725 19
59 357 38
60 654 -6
60 564 12
60 512 22
61 625 -5
61 572 41
61 103 3
62 447 50
62 5 22
62 274 -5
63 289 -3
63 229 33
63 715 35
64 127 0
64 599 33
64 44 -8
65 411 4
65 369 15
65 249 14
66 351 33
66 474 0
66 282 3
67 32 2
67 519 22
67 468 15
68 168 20
68 439 10
68 258 40
69 145 45
69 43 48
69 136 33
70 420 -3
70 235 -3
70 244 24
71 568 22
71 79 -8
71 60 45
72 517 -4
72 717 22
72 663 41
73 551 9
73 113 20
73 499 24
74 136 37
74 384 16
74 286 -1
75 622 37
75 696 -1
75 393 42
76 240 17
76 77 -9
76 351 -4
77 307 39
77 34 -8
77 448 44
78 202 10
78 249 6
78 709 46
79 135 3
79 291 12
79 651 18
80 668 42
80 4 41
80 301 0
81 295 33
81 435 -2
81 310 0
82 314 30
82 198 20
82 362 10
83 316 28
83 543 30
83 150 21
84 212 36
84 267 8
84 255 15
85 529 34
85 361 -6
85 278 8
86 558 9
86 653 44
86 572 36
87 500 33
87 300 -7
87 505 3
88 64 27
88 676 -8
88 285 37
89 29 45
89 11 12
89 449 35
90 290 -9
90 87 -5
90 410 -7
91 212 11
91 565 16
91 681 39
92 548 12
92 14 33
92 600 35
93 410 43
93 238 38
93 721 32
94 82 22
94 647 -3
94 673 40
95 715 33
95 422 11
95 336 50
96 616 4
96 520 36
96 685 30
97 309 46
97 552 -2
97 251 21
98 291 23
98 538 10
98 468 9
99 129 47
99 179 30
99 271 35
100 42 50
100 536 14
100 331 8
101 16 37
101 692 39
101 298 5
102 636 2
102 50 22
102 380 39
103 332 7
103 412 19
103 99 36
104 299 33
104 329 32
104 455 39
105 228 45
105 306 48
105 589 0
106 179 38
106 483 40
106 40 24
107 417 -3
107 108 7
107 33 -2
108 397 36
108 236 20
108 685 -4
109 588 -6
109 191 -10
109 360 0
110 237 4
110 42 30
110 74 20
111 630 20
111 134 42
111 23 46
112 614 16
112 477 2
112 535 34
113 109 40
113 148 41
113 462 35
114 129 30
114 716 36
114 687 25
115 416 24
115 385 -4
115 187 -7
116 716 -3
116 340 44
116 99 46
117 652 17
117 430 44
117 156 -4
118 361 -6
118 618 -1
118 610 11
119 240 43
119 299 33
119 509 34
120 24 28
120 79 2
120 282 25
121 496 10
121 711 44
121 570 33
122 648 -5
122 244 3
122 343 43
123 35 29
123 665 9
123 662 43
124 632 34
124 362 35
124 28 15
125 460 40
125 695 38
125 89 39
126 434 12
126 519 -5
126 141 15
127 676 -3
127 480 -9
127 587 23
128 592 32
128 248 43
128 726 -9
129 151 34
129 712 24
129 103 4
130 105 49
130 242 -5
130 2 -2
131 320 1
131 543 -7
131 301 37
132 275 -2
132 371 -8
132 441 3
133 122 -6
133 301 40
133 460 49
134 179 34
134 377 29
134 574 2
135 174 10
135 671 48
135 22 -9
136 196 11
136 558 25
136 258 21
137 321 47
137 558 6
137 560 40
138 370 25
138 23 18
138 680 43
139 419 7
139 545 2
139 293 45
140 726 42
140 519 29
140 332 33
141 240 46
141 510 45
141 165 22
142 378 45
142 22 -1
142 449 19
143 655 31
143 163 45
143 33 21
144 61 27
144 422 14
144 698 38
145 623 7
145 80 27
145 84 17
146 403 31
146 567 17
146 571 46
147 402 -4
147 489 21
147 55 50
148 456 6
148 478 -2
148 288 43
149 182 49
149 591 20
149 31 12
150 40 34
150 527 49
150 517 29
151 160 34
151 562 42
151 554 49
152 2 5
152 253 27
152 101 11
153 150 38
153 468 11
153 625 39
154 37 28
154 181 37
154 132 2
155 461 20
155 316 39
155 648 11
156 498 46
156 473 39
156 78 9
157 185 27
157 705 45
157 198 11
158 196 44
158 262 47
158 425 0
159 319 22
159 415 26
159 363 -10
160 340 18
160 346 39
160 710 48
161 209 36
161 523 7
161 438 35
162 430 17
162 308 3
162 511 26
163 289 30
163 304 40
163 91 38
164 336 13
164 641 38
164 716 31
165 18 42
165 726 9
165 432 17
166 257 43
166 85 4
166 43 41
167 101 42
167 45 11
167 507 32
168 542 33
168 161 20
168 245 -10
169 296 22
169 468 31
169 53 17
170 111 1
170 231 22
170 63 -9
171 443 39
171 24 5
171 549 -4
172 679 -6
172 719 15
172 135 -6
173 178 16
173 370 21
173 66 11
174 219 7
174 647 50
174 20 5
175 591 14
175 399 36
175 417 -10
176 205 47
176 410 34
176 288 46
177 296 8
177 508 40
177 412 19
178 590 42
178 593 34
178 6 42
179 118 47
179 649 49
179 539 -1
180 186 13
180 427 34
180 672 20
181 675 49
181 603 27
181 377 31
182 588 23
182 579 25
182 36 35
183 460 9
183 479 50
183 129 -8
184 611 -1
184 159 -8
184 640 48
185 98 16
185 548 36
185 131 24
186 267 48
186 88 36
186 435 5
187 482 -3
187 215 17
187 288 4
188 43 38
188 149 44
188 700 27
189 457 30
189 152 49
189 189 48
190 35 47
190 160 8
190 439 27
191 524 50
191 548 16
191 654 -1
192 154 2
192 175 23
192 189 50
193 70 47
193 110 13
193 382 26
194 675 38
194 469 39
194 355 -9
195 162 33
195 395 1
195 601 32
196 241 45
196 440 13
196 637 17
197 670 -4
197 221 40
197 59 14
198 385 21
198 448 30
198 348 2
199 204 47
199 568 25
199 19 37
200 53 23
200 212 25
200 131 24
201 181 26
201 659 47
201 60 42
202 435 23
202 257 -2
202 652 32
203 694 6
203 445 47
203 430 -3
204 693 5
204 714 2
204 207 42
205 354 17
205 542 23
205 335 3
206 650 8
206 494 27
206 587 40
207 419 34
207 361 20
207 578 40
208 441 15
208 41 15
208 584 -6
209 577 23
209 555 27
209 707 0
210 194 36
210 649 46
210 169 29
211 680 17
211 222 49
211 121 4
212 76 23
212 552 5
212 115 41
213 721 4
213 21 3
213 163 30
214 682 3
214 51 29
214 201 49
215 347 11
215 540 18
215 580 -4
216 702 16
216 427 -4
216 52 26
217 453 6
217 716 10
217 565 4
218 305 27
218 107 20
218 217 1
219 380 -1
219 638 15
219 485 7
220 639 30
220 132 4
220 549 44
221 57 7
221 141 46
221 717 37
222 660 36
222 322 34
222 168 24
223 198 11
223 165 20
223 249 -8
224 25 -6
224 180 -3
224 688 -10
225 400 48
225 218 -9
225 675 42
226 693 25
226 561 7
226 115 22
227 299 -5
227 440 -3
227 321 18
228 228 41
228 709 46
228 275 33
229 403 -6
229 485 -1
229 591 10
230 520 28
230 491 45
230 422 22
231 225 28
231 68 45
231 670 27
232 56 -9
232 586 38
232 310 25
233 554 45
233 699 -3
233 559 37
234 390 39
234 723 28
234 87 -6
235 218 -1
235 475 7
235 243 14
236 45 40
236 3 47
236 526 -10
237 474 4
237 362 9
237 528 3
238 511 10
238 660 10
238 692 49
239 175 8
239 723 49
239 126 36
240 382 46
240 316 36
240 503 -10
241 474 -6
241 477 4
241 110 26
242 422 25
242 484 8
242 365 44
243 177 41
243 441 34
243 255 34
244 225 8
244 206 22
244 227 -9
245 656 10
245 677 4
245 186 1
246 430 8
246 626 -4
246 408 5
247 258 39
247 41 26
247 335 40
248 653 33
248 181 37
248 425 41
249 397 1
249 316 26
249 318 16
250 208 -9
250 601 25
250 116 45
251 235 23
251 167 -7
251 351 36
252 318 15
252 126 3
252 251 34
253 392 21
253 49 35
253 168 46
254 459 40
254 395 37
254 441 41
255 216 -7
255 585 -9
255 432 -1
256 324 16
256 145 1
256 427 13
257 515 41
257 5 25
257 180 40
258 0 -3
258 58 38
258 595 28
259 701 20
259 242 41
259 176 46
260 707 22
260 408 25
260 658 28
261 163 22
261 406 18
261 193 26
262 611 33
262 476 32
262 70 23
263 499 28
263 677 43
263 476 26
264 233 0
264 495 -10
264 443 13
265 56 34
265 512 46
265 612 21
266 25 -6
266 143 34
266 161 41
267 162 16
267 672 39
267 286 46
268 565 32
268 439 -6
268 240 -10
269 684 -6
269 262 38
269 576 4
270 20 -8
270 24 -1
270 546 6
271 423 27
271 133 39
271 629 46
272 530 31
272 515 5
272 700 22
273 664 42
273 484 35
273 126 37
274 366 29
274 647 49
274 158 50
275 53 31
275 577 -1
275 160 -6
276 163 27
276 593 39
276 47 -9
277 217 -6
277 556 -4
277 499 3
278 431 23
278 140 41
278 436 -5
279 182 -5
279 347 22
279 150 1
280 44 9
280 133 26
280 636 39
281 643 48
281 503 12
281 545 40
282 271 22
282 577 -3
282 393 7
283 431 6
283 409 20
283 460 0
284 108 38
284 367 10
284 370 14
285 587 43
285 347 19
285 663 2
286 640 -1
286 503 32
286 355 50
287 414 46
287 710 20
287 530 -2
288 58 18
288 648 31
288 74 25
289 32 24
289 471 -1
289 442 32
290 365 18
290 705 7
290 470 -5
291 594 4
291 665 33
291 245 37
292 137 22
292 544 2
292 192 39
293 671 42
293 26 39
293 167 5
294 241 17
294 638 38
294 226 34
295 274 3
295 101 -5
295 202 1
296 516 -8
296 401 16
296 435 15
297 370 19
297 25 47
297 140 -9
298 158 -5
298 95 -9
298 122 18
299 463 9
299 88 -3
299 703 25
300 351 28
300 533 -4
300 304 9
301 472 46
301 73 39
301 722 -3
302 418 26
302 708 4
302 177 9
303 288 6
303 558 0
303 520 10
304 272 26
304 671 27
304 433 38
305 302 27
305 521 50
305 686 2
306 290 -4
306 367 33
306 201 20
307 499 2
307 351 18
307 691 29
308 225 35
308 313 3
308 634 4
309 362 27
309 164 4
309 343 26
310 26 17
310 102 21
310 201 -8
311 271 39
311 293 42
311 304 -3
312 626 13
312 13 19
312 180 37
313 582 30
313 225 -5
313 265 18
314 626 18
314 113 3
314 559 12
315 108 38
315 373 -3
315 582 9
316 625 -9
316 516 12
316 212 30
317 312 7
317 700 38
317 162 47
318 478 48
318 183 -4
318 359 23
319 461 16
319 526 34
319 497 36
320 301 21
320 391 47
320 265 47
321 148 40
321 724 14
321 707 43
322 560 30
322 672 0
322 64 -9
323 131 -6
323 299 37
323 695 -5
324 213 42
324 365 13
324 628 1
325 544 32
325 187 36
325 502 12
326 628 47
326 241 32
326 390 15
327 280 18
327 688 40
327 202 26
328 686 39
328 15 41
328 98 48
329 542 48
329 35 18
329 321 15
330 667 22
330 312 15
330 521 39
331 27 -9
331 363 -8
331 671 -1
332 666 13
332 425 27
332 74 8
333 97 -6
333 410 49
333 643 35
334 449 43
334 268 34
334 440 -5
335 418 -7
335 353 9
335 683 46
336 444 8
336 192 46
336 428 36
337 281 43
337 714 35
337 439 12
338 54 37
338 446 3
338 276 12
339 422 31
339 622 34
339 659 29
340 0 27
340 713 17
340 706 1
341 676 -6
341 97 14
341 500 44
342 630 -2
342 339 7
342 208 8
343 123 -10
343 213 -4
343 353 43
344 557 5
344 663 35
344 186 -7
345 233 43
345 569 -4
345 166 26
346 333 37
346 417 41
346 608 35
347 227 10
347 596 22
347 574 38
348 65 10
348 693 49
348 165 -7
349 216 47
349 542 20
349 71 13
350 371 -2
350 541 5
350 700 28
351 207 26
351 447 26
351 6 25
352 439 0
352 286 2
352 250 27
353 560 25
353 456 40
353 43 15
354 469 18
354 420 7
354 37 -4
355 638 23
355 245 48
355 69 24
356 56 31
356 698 -9
356 527 28
357 280 26
357 388 24
357 722 23
358 324 41
358 224 -1
358 526 33
359 301 25
359 705 47
359 728 2
360 662 23
360 600 14
360 715 25
361 21 -3
361 573 0
361 174 24
362 695 36
362 58 27
362 96 -9
363 441 23
363 604 9
363 99 24
364 382 7
364 296 8
364 571 -7
365 550 11
365 8 7
365 487 0
366 540 36
366 394 1
366 498 17
367 28 34
367 98 48
367 268 27
368 316 24
368 241 43
368 96 42
369 220 50
369 190 28
369 464 14
370 616 39
370 341 11
370 155 23
371 69 -9
371 607 40
371 352 4
372 107 49
372 291 22
372 93 13
373 577 45
373 167 7
373 50 43
374 608 5
374 191 9
374 592 0
375 280 28
375 389 22
375 375 -3
376 170 19
376 511 13
376 534 10
377 604 28
377 692 30
377 117 6
378 530 9
378 644 -7
378 411 50
379 232 39
379 592 40
379 360 0
380 705 43
380 383 -9
380 161 39
381 181 20
381 652 9
381 7 30
382 276 25
382 370 50
382 404 19
383 101 11
383 258 18
383 353 18
384 338 11
384 231 36
384 636 16
385 105 4
385 308 38
385 427 36
386 697 17
386 428 47
386 198 2
387 527 17
387 674 46
387 519 -9
388 462 36
388 182 5
388 86 38
389 661 35
389 570 -8
389 75 12
390 559 18
390 165 43
390 297 44
391 235 43
391 98 46
391 512 0
392 726 17
392 398 46
392 285 -3
393 469 40
393 258 13
393 9 0
394 636 40
394 218 13
394 460 17
395 581 14
395 102 13
395 57 1
396 59 44
396 291 33
396 583 44
397 82 -9
397 12 21
397 700 34
398 296 47
398 493 24
398 719 30
399 525 24
399 71 31
399 553 15
400 665 34
400 450 -7
400 51 -6
401 64 18
401 248 9
401 624 41
402 56 -8
402 131 23
402 636 40
403 544 4
403 348 44
403 562 -1
404 261 23
404 414 -5
404 0 32
405 313 14
405 272 8
405 330 27
406 719 33
406 60 14
406 376 5
407 519 4
407 111 -2
407 680 45
408 380 -2
408 26 38
408 253 50
409 516 26
409 396 34
409 296 40
410 618 3
410 689 46
410 93 33
411 111 48
411 312 27
411 500 19
412 306 30
412 570 4
412 391 25
413 241 41
413 644 11
413 220 35
414 127 28
414 132 46
414 386 -4
415 368 41
415 486 -8
415 615 47
416 68 8
416 112 5
416 348 9
417 517 42
417 352 23
417 698 40
418 507 6
418 413 41
418 478 9
419 40 -10
419 89 -10
419 26 11
420 49 34
420 200 21
420 172 -9
421 13 26
421 263 14
421 69 7
422 364 28
422 163 32
422 572 3
423 358 10
423 521 3
423 222 1
424 675 40
424 502 22
424 612 0
425 138 -9
425 371 -2
425 95 34
426 603 -10
426 232 20
426 411 1
427 553 -2
427 337 47
427 390 -5
428 298 15
428 709 36
428 62 30
429 716 2
429 643 -1
429 400 13
430 644 31
430 86 4
430 504 47
431 457 -8
431 467 9
431 321 14
432 618 13
432 552 16
432 311 14
433 33 24
433 233 49
433 326 19
434 573 9
434 661 -2
434 429 16
435 641 39
435 676 48
435 435 -10
436 536 -6
436 278 45
436 480 27
437 51 49
437 194 43
437 222 14
438 266 47
438 563 -1
438 625 10
439 422 24
439 100 10
439 33 -2
440 492 7
440 500 48
440 300 -6
441 161 0
441 726 -9
441 561 25
442 666 16
442 473 33
442 487 49
443 85 30
443 577 -3
443 150 42
444 257 19
444 19 -1
444 3 1
445 335 29
445 354 9
445 383 35
446 668 27
446 211 24
446 611 -8
447 218 11
447 105 35
447 128 42
448 284 3
448 243 28
448 488 11
449 234 41
449 42 48
449 551 33
450 484 12
450 719 32
450 68 -9
451 212 -3
451 367 15
451 300 8
452 645 44
452 424 50
452 108 34
453 62 11
453 392 11
453 703 8
454 326 21
454 345 26
454 640 3
455 592 32
455 680 34
455 682 7
456 406 43
456 383 14
456 589 -2
457 472 37
457 99 13
457 705 32
458 347 29
458 600 -5
458 344 -5
459 340 36
459 410 26
459 488 -1
460 480 32
460 165 16
460 383 7
461 78 3
461 461 2
461 283 19
462 593 14
462 277 15
462 549 -6
463 171 44
463 292 2
463 534 35
464 421 17
464 205 48
464 457 44
465 601 44
465 494 -10
465 445 -6
466 333 -3
466 387 23
466 433 48
467 15 35
467 145 10
467 438 -3
468 723 8
468 311 1
468 456 -6
469 0 42
469 617 19
469 251 25
470 526 48
470 3 -10
470 339 41
471 66 11
471 420 14
471 366 12
472 572 47
472 48 34
472 122 5
473 132 36
473 723 47
473 30 -3
474 186 46
474 48 25
474 592 42
475 597 38
475 51 32
475 307 40
476 675 44
476 690 23
476 276 -3
477 117 31
477 335 -8
477 464 15
478 101 8
478 201 46
478 115 -1
479 723 10
479 618 -5
479 2 20
480 521 -3
480 319 39
480 649 -2
481 411 13
481 448 43
481 505 45
482 471 -3
482 694 21
482 196 9
483 429 35
483 339 -6
483 78 10
484 472 50
484 3 12
484 626 15
485 344 40
485 723 10
485 291 44
486 309 -8
486 406 34
486 184 39
487 146 22
487 650 29
487 488 22
488 533 41
488 515 1
488 181 2
489 655 14
489 187 -10
489 576 34
490 81 4
490 478 29
490 634 24
491 659 10
491 51 9
491 10 -6
492 146 35
492 517 -5
492 446 28
493 363 11
493 642 48
493 572 18
494 370 -2
494 374 13
494 54 27
495 91 24
495 590 34
495 211 19
496 59 37
496 514 48
496 283 46
497 701 8
497 681 29
497 123 -6
498 214 -6
498 97 38
498 86 -9
499 577 0
499 616 -2
499 463 8
500 70 36
500 255 30
500 574 -2
501 605 40
501 235 50
501 371 -5
502 364 39
502 574 27
502 460 38
503 163 36
503 455 2
503 429 43
504 379 43
504 447 15
504 127 32
505 565 38
505 363 28
505 307 48
506 7 30
506 469 34
506 202 25
507 387 27
507 632 3
507 332 45
508 378 49
508 487 43
508 205 8
509 95 16
509 642 44
509 479 3
510 351 25
510 416 -8
510 584 20
511 372 -8
511 534 38
511 460 42
512 401 26
512 574 39
512 155 35
513 117 42
513 121 18
513 88 48
514 240 24
514 539 50
514 353 5
515 550 -7
515 231 6
515 689 -5
516 587 -3
516 127 50
516 71 46
517 400 10
517 511 9
517 226 14
518 600 47
518 649 41
518 396 -8
519 498 5
519 370 2
519 416 -4
520 224 19
520 147 10
520 279 6
521 168 25
521 67 27
521 709 10
522 510 16
522 60 -2
522 75 44
523 585 45
523 78 42
523 117 9
524 692 24
524 8 24
524 550 40
525 683 4
525 467 41
525 127 -3
526 565 -9
526 333 23
526 40 9
527 397 2
527 143 27
527 647 27
528 192 49
528 520 13
528 459 8
529 371 37
529 151 9
529 383 30
530 431 -8
530 374 22
530 66 20
531 364 -10
531 425 13
531 161 2
532 460 19
532 92 21
532 465 41
533 270 30
533 141 31
533 377 28
534 327 39
534 650 40
534 577 40
535 78 9
535 268 17
535 75 35
536 582 21
536 414 21
536 35 11
537 370 30
537 583 1
537 100 10
538 425 41
538 330 39
538 291 49
539 271 50
539 584 38
539 143 13
540 203 30
540 14 49
540 195 38
541 344 3
541 501 17
541 634 -8
542 147 19
542 232 8
542 256 8
543 56 2
543 200 30
543 204 31
544 670 31
544 152 22
544 399 18
545 87 28
545 156 34
545 329 27
546 146 -2
546 409 41
546 324 18
547 416 31
547 73 -2
547 438 17
548 607 29
548 460 27
548 508 33
549 19 49
549 37 -9
549 424 45
550 94 14
550 309 33
550 61 -1
551 50 32
551 582 1
551 481 43
552 45 15
552 98 28
552 444 26
553 75 -9
553 658 38
553 580 26
554 648 -10
554 335 47
554 576 -4
555 392 25
555 169 12
555 370 32
556 59 29
556 616 41
556 508 48
557 269 22
557 716 11
557 299 49
558 531 6
558 381 4
558 359 33
559 524 28
559 459 15
559 235 39
560 517 15
560 426 -5
560 49 33
561 367 12
561 294 1
561 200 4
562 428 -10
562 253 22
562 463 48
563 474 10
563 377 24
563 352 10
564 537 15
564 286 -8
564 83 24
565 200 13
565 599 6
565 7 39
566 500 6
566 206 13
566 434 16
567 316 30
567 502 16
567 727 40
568 571 37
568 129 32
568 598 36
569 583 29
569 434 -7
569 300 -6
570 289 22
570 567 27
570 577 50
571 435 38
571 576 28
571 591 38
572 124 43
572 592 22
572 374 33
573 490 38
573 689 25
573 63 44
574 0 25
574 592 24
574 414 3
575 401 7
575 114 -2
575 490 24
576 262 12
576 488 15
576 642 27
577 195 -3
577 333 32
577 113 41
578 276 -6
578 373 48
578 672 -1
579 245 -10
579 159 12
579 5 16
580 450 5
580 175 13
580 272 30
581 704 24
581 488 13
581 271 -8
582 440 3
582 439 20
582 703 42
583 201 15
583 604 -8
583 666 29
584 638 4
584 296 50
584 646 5
585 269 5
585 334 -2
585 381 47
586 558 29
586 590 41
586 269 22
587 168 -7
587 225 -5
587 381 36
588 57 48
588 78 48
588 606 24
589 107 3
589 2 7
589 211 17
590 154 28
590 287 -4
590 374 14
591 544 26
591 475 27
591 148 -5
592 164 13
592 352 48
592 550 34
593 217 18
593 36 45
593 167 35
594 666 -9
594 56 7
594 127 2
595 36 45
595 375 20
595 220 30
596 620 -4
596 403 46
596 68 35
597 559 46
597 317 1
597 249 28
598 544 27
598 373 29
598 388 22
599 672 -10
599 263 14
599 620 46
600 71 -5
600 673 20
600 608 44
601 646 20
601 377 18
601 314 37
602 320 19
602 305 14
602 683 27
603 403 28
603 648 0
603 528 37
604 36 33
604 260 6
604 275 -2
605 139 36
605 435 -8
605 242 42
606 425 18
606 262 48
606 657 42
607 146 2
607 348 18
607 513 -8
608 633 30
608 428 11
608 412 50
609 486 23
609 325 47
609 375 42
610 703 -6
610 573 12
610 47 47
611 173 -6
611 424 31
611 639 40
612 51 46
612 398 5
612 187 14
613 201 30
613 481 39
613 469 45
614 689 12
614 612 5
614 470 48
615 298 45
615 445 18
615 580 30
616 267 8
616 680 28
616 77 45
617 387 13
617 475 37
617 320 40
618 715 28
618 176 48
618 32 -2
619 156 40
619 338 34
619 683 38
620 253 16
620 395 -5
620 47 26
621 214 20
621 699 -4
621 204 30
622 205 29
622 532 43
622 97 33
623 241 30
623 93 1
623 1 41
624 513 22
624 296 43
624 552 39
625 380 -10
625 682 13
625 401 1
626 470 44
626 493 45
626 52 44
627 116 -7
627 8 28
627 564 -9
628 399 28
628 368 35
628 673 11
629 618 1
629 704 9
629 28 -1
630 64 38
630 231 15
630 455 9
631 195 1
631 697 11
631 443 3
632 105 31
632 633 41
632 398 33
633 723 26
633 268 33
633 406 -6
634 395 41
634 699 50
634 713 24
635 104 1
635 229 49
635 297 27
636 561 36
636 562 8
636 463 6
637 105 8
637 231 11
637 284 -9
638 164 14
638 115 23
638 217 25
639 217 -8
639 351 -8
639 664 18
640 578 40
640 178 27
640 225 4
641 130 -9
641 367 5
641 333 50
642 81 10
642 95 33
642 277 38
643 390 36
643 107 12
643 501 12
644 475 49
644 565 15
644 710 19
645 59 31
645 717 24
645 265 -1
646 161 23
646 449 37
646 537 20
647 78 12
647 671 -8
647 557 22
648 2 40
648 287 -5
648 172 26
649 61 3
649 404 45
649 371 29
650 24 23
650 394 33
650 295 27
651 582 47
651 504 -8
651 434 -7
652 534 23
652 380 15
652 313 24
653 322 19
653 605 6
653 603 29
654 296 -5
654 501 20
654 189 24
655 358 15
655 201 17
655 404 5
656 132 -8
656 403 8
656 186 50
657 575 31
657 248 39
657 95 -1
658 62 -6
658 148 39
658 655 6
659 342 5
659 314 15
659 194 16
660 614 43
660 165 -5
660 25 -10
661 32 18
661 453 27
661 242 1
662 171 0
662 81 -2
662 493 -10
663 252 16
663 43 48
663 671 18
664 228 37
664 192 29
664 26 20
665 494 1
665 566 50
665 175 37
666 678 33
666 19 -4
666 270 -7
667 492 46
667 705 2
667 310 6
668 20 15
668 473 11
668 39 -9
669 211 30
669 327 24
669 259 -10
670 595 17
670 442 21
670 685 23
671 294 17
671 452 23
671 308 27
672 379 42
672 613 43
672 93 30
673 274 10
673 384 45
673 534 19
674 612 21
674 691 37
674 225 21
675 190 3
675 425 -9
675 523 13
676 147 -8
676 286 42
676 28 15
677 43 4
677 293 -9
677 211 14
678 478 7
678 128 39
678 504 16
679 5 0
679 305 18
679 224 -5
680 546 35
680 621 46
680 495 -7
681 72 13
681 308 -1
681 691 32
682 580 34
682 192 45
682 289 -6
683 710 21
683 338 -5
683 527 25
684 220 28
684 305 21
684 127 33
685 327 -5
685 392 47
685 542 6
686 440 12
686 250 -1
686 422 48
687 534 -1
687 396 41
687 596 21
688 28 15
688 172 8
688 686 12
689 107 -8
689 129 30
689 152 -3
690 391 2
690 557 44
690 325 7
691 391 2
691 434 43
691 56 4
692 303 7
692 579 26
692 214 19
693 655 -8
693 295 -1
693 237 16
694 424 4
694 57 20
694 206 -4
695 259 12
695 137 42
695 102 20
696 86 18
696 677 39
696 33 -2
697 275 5
697 221 17
697 306 22
698 20 49
698 127 44
698 686 48
699 195 30
699 158 43
699 561 1
700 88 41
700 589 10
700 536 40
701 136 42
701 261 28
701 40 33
702 444 35
702 630 2
702 618 40
703 728 1
703 66 12
703 581 47
704 669 16
704 31 28
704 655 39
705 267 8
705 311 16
705 417 12
706 624 24
706 367 27
706 265 46
707 450 48
707 350 8
707 95 44
708 185 46
708 684 45
708 399 0
709 630 34
709 211 18
709 242 49
710 152 5
710 508 48
710 264 49
711 209 49
711 199 27
711 494 34
712 611 49
712 624 4
712 194 44
713 278 16
713 263 5
713 258 1
714 40 5
714 77 -5
714 270 11
715 16 -7
715 455 13
715 335 9
716 720 15
716 329 46
716 569 46
717 283 24
717 666 13
717 312 2
718 346 49
718 139 -3
718 94 50
719 347 30
719 6 6
719 191 -9
720 192 42
720 699 5
720 2 -3
721 266 27
721 298 43
721 718 26
722 316 4
722 40 32
722 628 -10
723 564 46
723 391 23
723 482 5
724 549 15
724 424 41
724 703 34
725 282 12
725 271 48
725 442 41
726 185 2
726 623 31
726 201 -5
727 622 42
727 334 19
727 220 -10
728 641 20
728 106 23
728 385 -8
