0 44 34
0 53 21
1 61 19
1 49 -10
2 33 45
2 13 13
3 3 44
3 9 33
4 21 43
4 33 16
5 6 32
5 0 28
6 28 42
6 22 38
7 44 20
7 16 26
8 51 47
8 23 7
9 22 30
9 45 14
10 33 42
10 41 -4
11 49 47
11 64 13
12 43 -4
12 49 22
13 23 25
13 71 27
14 66 29
14 42 -3
15 29 47
15 62 1
16 5 40
16 47 23
17 13 38
17 17 -4
18 21 37
18 33 16
19 59 -8
19 11 26
20 49 35
20 72 -9
21 60 8
21 75 35
22 9 -8
22 10 0
23 46 27
23 54 46
24 29 42
24 30 47
25 64 17
25 39 10
26 57 4
26 42 -10
27 23 30
27 73 19
28 48 35
28 80 35
29 61 0
29 23 -8
30 46 13
30 60 4
31 58 26
31 78 19
32 5 30
32 80 -2
33 26 19
33 41 13
34 45 10
34 69 -8
35 6 50
35 76 15
36 61 -7
36 32 39
37 20 33
37 79 18
38 25 -3
38 28 -2
39 43 44
39 24 2
40 69 -7
40 4 32
41 12 43
41 48 4
42 80 18
42 76 6
43 34 40
43 76 4
44 18 45
44 23 -1
45 3 48
45 56 34
46 31 11
46 30 40
47 45 20
47 74 42
48 28 16
48 80 -6
49 59 30
49 32 25
50 36 28
50 65 30
51 34 23
51 35 15
52 7 -10
52 42 -7
53 32 2
53 54 -5
54 36 32
54 73 42
55 8 -9
55 51 36
56 63 7
56 27 38
57 49 1
57 20 -3
58 22 4
58 25 12
59 80 31
59 60 6
60 71 12
60 49 32
61 54 0
61 4 0
62 42 34
62 26 -5
63 78 38
63 38 4
64 14 33
64 22 -7
65 60 15
65 19 39
66 78 50
66 9 17
67 40 -10
67 35 14
68 41 -6
68 52 50
69 27 45
69 39 -3
70 4 7
70 71 17
71 13 -5
71 79 1
72 30 36
72 26 35
73 13 20
73 43 41
74 24 37
74 38 3
75 72 -8
75 14 2
76 13 35
76 62 12
77 10 14
77 76 12
78 53 34
78 48 40
79 31 23
79 45 28
80 1 9
80 37 20
